[gd_scene load_steps=5 format=2]

[ext_resource path="res://Bonhomme02.gd" type="Script" id=1]

[sub_resource type="Animation" id=1]
resource_name = "Test"
length = 2.0
loop = true
tracks/0/type = "transform"
tracks/0/path = NodePath("..")
tracks/0/interp = 2
tracks/0/loop_wrap = true
tracks/0/imported = false
tracks/0/enabled = true
tracks/0/keys = PoolRealArray( 0.1, 1, -8.52784, 3.57341, -0.861054, 0, 0, 0, 1, 1, 1, 1, 1, 1, 1.30067, 3.57341, -0.861054, 0, 0, 0, 1, 1, 1, 1 )

[sub_resource type="Shader" id=5]

[sub_resource type="ShaderMaterial" id=6]
shader = SubResource( 5 )

[node name="UneScene3D" type="Spatial"]

[node name="ClippedCamera" type="ClippedCamera" parent="."]
transform = Transform( 0.98945, -0.0308428, 0.141553, 0.0545543, 0.984476, -0.166827, -0.13421, 0.172789, 0.975772, 24.4539, 23.3012, 116.193 )
fov = 69.0158
far = 267.3

[node name="AnimationPlayer" type="AnimationPlayer" parent="."]
root_node = NodePath("Bonhomme01/Corps")
autoplay = "Test"
anims/Test = SubResource( 1 )

[node name="Bonhomme01" type="ProximityGroup" parent="AnimationPlayer"]
transform = Transform( 1, 0, 0, 0, 1, 0, 0, 0, 1, -8.29893, 3.57341, -0.861054 )

[node name="Pied" type="CSGSphere" parent="AnimationPlayer/Bonhomme01"]
transform = Transform( 0.996327, -0.040072, 0.0756702, 0.0856256, 0.466273, -0.880487, 0, 0.883733, 0.467991, 12.6552, 0.802839, -11.409 )
radius = 5.202

[node name="Corps" type="CSGSphere" parent="AnimationPlayer/Bonhomme01"]
transform = Transform( 1, 0, 0, 0, 1, 0, 0, 0, 1, 12.3689, 6.59793, -10.9144 )
radius = 3.78592

[node name="Tete" type="CSGSphere" parent="AnimationPlayer/Bonhomme01"]
transform = Transform( 1, 0, 0, 0, 1, 0, 0, 0, 1, 11.9903, 11.2362, -10.3876 )
radius = 2.68

[node name="Terrain" type="CSGBox" parent="."]
transform = Transform( 1, 0, 0, 0, 1, 0, 0, 0, 1, 15.9108, 0, -465.542 )
visible = false
width = 1000.0
height = 0.001
depth = 1000.0
material = SubResource( 6 )

[node name="Bonhomme02" type="ProximityGroup" parent="."]
script = ExtResource( 1 )

[node name="Pied" type="CSGSphere" parent="Bonhomme02"]
transform = Transform( 0.906757, 0, 0.421653, 0, 1, 0, -0.421653, 0, 0.906757, 9.59867, 1.19785, -41.4054 )
radius = 26.974
radial_segments = 5

[node name="Corps" type="CSGSphere" parent="Bonhomme02"]
transform = Transform( 1, 0, 0, 0, 1, 0, 0, 0, 1, 13.2511, 41.1363, -37.8662 )
radius = 21.876

[node name="Tete" type="CSGSphere" parent="Bonhomme02"]
transform = Transform( 1, 0, 0, 0, 1, 0, 0, 0, 1, 11.8837, 64.6946, -35.2238 )
radius = 13.5
